+0 000 000 000
+0 000 000 000
+0 000 000 000
+0 000 000 000
+0 000 000 000
+0 000 000 000
+0 000 000 000
+0 000 000 000
+0 000 000 000
+0 000 000 000
+0 000 000 000
+0 000 000 000
+0 000 000 495
+9 999 999 999
+8 000 000 009 
-2 009 009 001
+8 000 000 010
+5 010 000 006
-6 010 495 004
+1 001 004 004
-5 010 000 009
-6 010 011 003
+1 001 003 003
+7 002 009 002
+0 000 000 002
+6 011 002 010
+1 010 005 005
+7 002 003 011
+0 000 000 002
+6 495 002 010
+1 010 006 006
+7 002 004 015
-2 005 003 007
-2 006 004 008
-8 007 000 000
-8 008 000 000
+9 000 000 000
+9 999 999 999
+0 000 000 010
1125, -761, 0, -5468, -204, 1987658, -1234567891, 205, -34657899, -355